0
3
1
2
4
7
6
5
8
10
9
11
12
13
15
14
16
17
18
22
19
23
20
21
24
25
27
28
30
26
29
31
32
33
34
37
36
38
35
40
42
41
39
45
43
47
46
49
48
51
44
50
55
53
57
58
52
54
56
59
60
63
61
64
67
65
68
66
69
71
72
70
73
74
75
76
77
78
80
79
81
84
82
83
86
88
87
85
92
91
90
93
62
94
95
98
89
96
97
100
102
101
104
105
106
103
108
107
99
109
112
111
114
110
117
113
115
118
116
120
119
121
124
122
126
123
128
129
125
130
132
131
133
135
134
136
127
137
139
140
142
141
138
144
147
143
146
149
145
150
148
153
151
155
152
157
154
159
156
158
162
164
163
160
161
166
168
167
170
165
171
174
173
172
175
178
177
180
169
176
179
184
181
183
185
182
186
188
190
192
189
187
195
193
194
196
197
200
191
198
199
201
203
202
205
208
206
207
209
204
210
213
211
212
214
215
216
217
219
221
218
220
223
222
225
224
227
226
229
230
231
232
228
234
235
233
237
236
239
238
241
242
240
243
244
245
246
249
248
250
251
247
252
254
253
256
255
257
259
260
258
262
264
261
265
266
267
268
269
273
270
272
271
263
274
275
276
279
280
277
278
281
282
284
283
285
287
288
286
290
291
289
293
294
295
296
297
298
299
301
292
302
300
303
304
306
305
307
308
309
310
311
312
314
313
315
316
317
318
322
319
321
323
320
327
326
324
328
325
330
329
331
332
333
334
336
335
338
339
337
340
343
344
345
346
349
348
347
342
350
351
352
354
353
355
356
357
359
358
361
362
363
364
365
360
341
368
366
367
369
372
370
373
371
375
374
376
377
378
379
381
384
382
385
380
386
383
387
388
390
389
391
393
392
395
394
396
398
399
400
401
402
403
404
405
406
407
408
409
410
411
412
397
414
415
413
416
417
418
419
420
423
421
424
427
425
426
428
429
430
431
434
435
433
436
432
437
438
439
440
441
442
444
422
445
443
446
447
449
450
451
452
453
454
448
455
457
458
460
459
461
463
456
462
464
466
468
469
467
470
471
472
473
474
475
477
476
478
479
480
482
481
483
484
485
486
487
489
490
465
491
493
494
492
495
488
496
497
498
499
500
502
501
504
503
505
507
508
506
510
509
511
513
512
515
514
516
518
517
520
519
522
523
524
525
526
527
528
521
530
529
532
534
531
533
535
537
538
539
536
540
542
541
544
545
543
546
548
547
549
552
550
554
555
553
556
558
551
559
557
560
562
563
564
565
566
567
568
569
571
570
572
573
575
574
576
577
580
578
581
579
583
585
584
582
561
586
587
588
589
591
592
590
593
594
597
595
596
600
601
598
599
603
604
605
609
602
606
610
608
607
612
611
613
615
617
614
618
616
620
622
621
623
624
619
628
625
626
629
630
627
632
633
635
634
636
637
639
638
641
640
642
643
644
631
647
648
645
646
649
650
651
652
653
654
655
656
657
658
659
660
661
663
662
664
665
666
667
668
669
670
671
673
672
674
675
677
676
678
679
680
682
684
681
683
687
685
690
686
688
689
691
692
694
693
696
695
697
698
700
699
702
701
703
705
706
707
708
709
710
704
712
713
714
711
716
717
715
718
719
721
722
723
724
720
725
726
727
728
730
731
729
732
733
736
735
737
739
738
740
741
742
734
744
743
745
746
748
747
750
749
751
752
755
754
756
753
758
757
760
759
761
763
764
762
765
766
767
768
770
772
769
771
773
774
776
775
777
778
780
781
782
783
784
785
788
786
787
779
789
791
790
793
794
792
798
796
797
800
802
795
801
799
804
803
805
806
808
807
809
810
811
813
812
814
816
815
817
818
820
819
822
821
823
824
826
825
828
827
830
831
829
833
832
836
835
837
838
840
839
834
841
842
844
845
846
847
843
849
848
850
852
851
853
855
854
856
857
860
859
858
861
863
865
864
868
866
867
862
870
871
872
873
875
874
877
876
869
878
879
881
880
882
886
885
883
887
891
884
890
889
892
888
893
894
896
895
897
898
899
901
900
903
904
905
906
907
902
908
910
909
911
913
914
912
915
918
916
919
917
921
922
924
923
925
920
927
926
929
928
930
932
934
935
936
931
933
937
938
940
942
941
939
944
946
943
945
949
947
948
950
951
953
955
954
952
958
956
959
963
960
957
961
962
964
967
966
965
969
970
968
971
972
973
974
976
975
977
978
980
979
981
982
983
986
985
987
984
989
990
988
991
993
992
994
996
997
995
999
1000
1001
998
1003
1004
1006
1005
1002
1009
1008
1007
1011
1013
1010
1012
1015
1014
1016
1017
1018
1019
1020
1021
1024
1022
1023
1026
1025
1027
1028
1029
1030
1031
1032
1033
1035
1036
1037
1034
1040
1038
1039
1042
1043
1044
1045
1048
1041
1047
1052
1046
1051
1054
1050
1053
1049
1056
1057
1058
1055
1059
1060
1061
1062
1063
1064
1065
1066
1068
1069
1070
1072
1067
1074
1073
1075
1071
1076
1078
1077
1080
1081
1079
1082
1083
1084
1085
1086
1087
1089
1090
1088
1093
1091
1094
1096
1092
1098
1097
1099
1100
1101
1102
1103
1104
1105
1106
1107
1108
1110
1109
1113
1111
1114
1115
1112
1095
1118
1116
1117
1119
1122
1123
1120
1126
1125
1121
1129
1124
1131
1128
1130
1132
1134
1135
1136
1137
1138
1139
1140
1133
1142
1141
1143
1145
1144
1147
1148
1146
1149
1151
1150
1152
1153
1154
1127
1156
1157
1155
1158
1159
1160
1162
1161
1163
1166
1164
1165
1167
1168
1170
1169
1171
1172
1174
1173
1176
1178
1175
1177
1179
1180
1182
1183
1184
1181
1185
1187
1188
1190
1189
1191
1192
1193
1194
1195
1197
1196
1198
1186
1200
1199
1201
1203
1202
1204
1205
1206
1207
1208
1210
1211
1209
1212
1213
1214
1215
1216
1217
1218
1220
1219
1222
1221
1223
1226
1224
1225
1228
1227
1229
1230
1232
1231
1233
1234
1236
1235
1238
1237
1239
1240
1241
1242
1243
1244
1245
1246
1247
1248
1250
1249
1251
1252
1253
1254
1255
1256
1259
1258
1257
1261
1260
1262
1263
1264
1267
1266
1268
1265
1269
1271
1270
1272
1274
1273
1275
1277
1278
1276
1279
1281
1280
1282
1284
1283
1285
1287
1288
1286
1290
1291
1292
1293
1294
1295
1296
1297
1299
1300
1298
1302
1304
1303
1305
1307
1306
1310
1308
1311
1312
1313
1289
1309
1315
1316
1314
1318
1319
1317
1320
1301
1322
1321
1323
1326
1325
1324
1328
1329
1330
1331
1332
1333
1334
1335
1327
1337
1336
1339
1340
1341
1343
1344
1342
1345
1347
1338
1348
1346
1350
1349
1351
1353
1352
1354
1355
1356
1358
1360
1357
1359
1361
1363
1362
1365
1364
1366
1367
1369
1368
1370
1371
1373
1374
1375
1372
1377
1376
1378
1380
1379
1381
1382
1383
1384
1385
1387
1388
1389
1391
1390
1393
1392
1395
1386
1396
1394
1397
1399
1398
1400
1402
1403
1404
1406
1405
1401
1407
1408
1409
1411
1412
1413
1415
1414
1416
1417
1418
1419
1421
1420
1422
1423
1424
1425
1426
1427
1428
1429
1430
1431
1434
1432
1433
1410
1436
1435
1437
1439
1438
1440
1443
1441
1444
1445
1442
1446
1447
1448
1450
1449
1452
1454
1453
1455
1456
1451
1458
1457
1459
1460
1462
1461
1463
1464
1466
1465
1468
1470
1467
1472
1469
1471
1474
1473
1475
1477
1476
1478
1480
1479
1481
1482
1484
1483
1487
1486
1488
1489
1491
1490
1492
1493
1485
1495
1494
1496
1497
1499
1500
1501
1502
1503
1498
1505
1506
1507
1504
1510
1508
1511
1514
1513
1515
1512
1516
1517
1509
1518
1520
1519
1522
1521
1523
1524
1525
1527
1526
1528
1529
1531
1532
1530
1534
1535
1536
1537
1539
1538
1540
1541
1543
1542
1544
1545
1533
1547
1546
1548
1549
1551
1550
1552
1555
1556
1554
1553
1558
1559
1560
1563
1557
1561
1562
1564
1565
1566
1567
1568
1571
1570
1569
1572
1574
1573
1575
1576
1577
1578
1579
1580
1582
1581
1583
1584
1586
1585
1587
1588
1589
1590
1592
1591
1594
1596
1593
1595
1599
1597
1598
1602
1603
1601
1604
1600
1606
1605
1607
1609
1608
1610
1611
1614
1612
1613
1616
1617
1618
1615
1619
1620
1621
1622
1623
1625
1624
1626
1627
1629
1628
1630
1631
1633
1635
1632
1634
1636
1639
1637
1638
1640
1642
1644
1643
1645
1646
1647
1641
1648
1651
1649
1652
1650
1653
1654
1655
1657
1656
1658
1659
1661
1660
1663
1664
1665
1666
1667
1668
1669
1670
1662
1671
1673
1674
1675
1672
1677
1676
1679
1678
1681
1682
1683
1684
1685
1687
1688
1686
1689
1691
1690
1692
1693
1694
1680
1695
1697
1699
1700
1698
1701
1704
1696
1703
1705
1702
1709
1707
1706
1708
1710
1711
1713
1715
1714
1712
1717
1719
1716
1720
1718
1722
1721
1723
1724
1725
1726
1727
1729
1730
1731
1728
1732
1735
1733
1734
1736
1738
1737
1740
1739
1742
1743
1744
1741
1746
1747
1748
1749
1750
1751
1753
1752
1754
1755
1756
1757
1759
1758
1760
1761
1762
1764
1765
1745
1763
1767
1766
1768
1769
1771
1773
1770
1772
1775
1774
1776
1777
1779
1780
1781
1778
1782
1784
1783
1786
1785
1788
1787
1789
1790
1792
1791
1793
1794
1795
1796
1799
1798
1797
1802
1800
1801
1804
1803
1806
1805
1807
1808
1810
1809
1811
1812
1814
1813
1815
1816
1817
1818
1819
1820
1821
1822
1823
1825
1827
1828
1826
1829
1824
1831
1832
1830
1835
1833
1836
1837
1838
1840
1839
1834
1841
1843
1845
1842
1844
1847
1846
1848
1850
1849
1851
1853
1852
1854
1855
1857
1858
1859
1861
1860
1863
1856
1862
1865
1867
1868
1864
1866
1870
1872
1873
1869
1871
1874
1875
1876
1878
1877
1880
1881
1879
1882
1886
1885
1884
1887
1888
1889
1890
1891
1894
1892
1893
1895
1898
1897
1896
1899
1900
1902
1883
1904
1903
1905
1907
1908
1906
1909
1911
1910
1912
1913
1914
1901
1915
1917
1916
1918
1920
1922
1919
1923
1921
1924
1925
1926
1928
1929
1931
1927
1930
1933
1932
1934
1935
1936
1937
1938
1939
1940
1941
1942
1943
1944
1945
1947
1946
1949
1950
1948
1952
1953
1954
1956
1955
1957
1958
1960
1959
1961
1962
1964
1965
1963
1966
1967
1968
1969
1970
1971
1972
1973
1951
1975
1976
1974
1978
1977
1982
1979
1981
1980
1983
1984
1985
1986
1987
1989
1990
1988
1994
1993
1992
1995
1991
1997
1998
1996
1999
2001
2002
2003
2000
2006
2005
2007
2008
2009
2010
2011
2012
2013
2004
2015
2016
2019
2018
2020
2021
2014
2023
2017
2022
2025
2026
2029
2028
2027
2030
2031
2033
2032
2035
2024
2034
2036
2037
2038
2039
2041
2042
2040
2043
2044
